fx = 1918.64
fy = 1924.48
cx = 948.617
cy = 628.628
distoration:
k1 = -0.448394685983
k2 = 0.2350624948740
k3 = 0.0
p1 = 0.0
p2 = 0.0
image_width:1920
image_height:1208
image_format:RGBA
pitch = -0.010
roll = 0.008
yaw = -0.031
x = -0.813943
y = 0.029556
z = 1.3457
